1
12
6
2
4
8
9
11
17
18
22
7
15
10
4
8
20
6
3
16
19
1
12
6
2
4
8
9
11
17
18
22
7
15
10
4
8
20
6
3
16
19
1
12
6
2
4
8
9
11
17
18
22
7
15
10
4
8
20
6
3
16
19
1
12
6
2
4
8
9
11
17
18
22
7
15
10
4
8
20
6
3
16
19
1
12
6
2
4
8
9
11
17
18
22
7
15
10
4
8
20
6
3
16
19
1
12
6
2
4
8
9
11
17
18
22
7
15
10
4
8
20
6
3
16
19
1
12
30
6
2
4
8
9
11
17
28
18
22
7
15
10
4
8
20
36
6
3
16
19
1
12
44
6
2
4
8
9
11
42
17
18
22
38
7
15
10
4
8
20
6
3
16
19
1
12
33
6
2
4
8
9
11
17
18
30
22
7
15
10
28
4
8
20
6
3
16
19
1
12
6
24
2
4
8
9
11
17
18
26
22
7
15
10
4
8
20
6
3
16
19
1
12
26
6
2
4
8
9
11
17
18
22
7
15
10
4
8
28
20
6
3
16
19
1
12
6
2
4
8
9
26
11
17
18
22
7
15
10
4
8
20
6
3
16
19
1
12
6
2
4
32
8
9
11
17
18
22
7
15
10
4
34
8
20
6
3
16
19
1
12
6
2
4
38
8
9
11
17
18
22
7
15
10
4
8
20
40
6
3
16
19
1
12
6
2
4
8
9
11
17
18
22
44
7
15
10
4
8
20
6
3
16
19
1
12
6
2
4
8
9
11
17
18
22
7
15
10
4
8
20
6
3
16
19
1
12
6
2
4
8
9
11
17
18
22
7
15
10
4
8
20
6
3
16
19
1
12
6
2
4
8
9
11
17
18
22
7
15
10
4
8
20
6
3
16
19
1
12
6
2
4
8
9
11
17
18
22
7
15
10
4
8
20
6
3
16
19
1
12
6
2
4
8
9
11
17
18
22
7
15
10
4
8
20
6
3
16
19
1
12
6
2
4
8
9
11
17
18
22
7
15
10
4
8
20
6
3
16
19
1
12
6
2
4
8
9
11
17
18
22
7
15
10
4
8
20
6
3
16
19
1
12
6
2
4
8
9
11
17
18
22
7
15
10
4
8
20
6
3
16